%YAML:1.0
cam_model: stereo
sn: "21-181220-0097"
Kl: !!opencv-matrix
   rows: 3
   cols: 3
   dt: d
   data: [ 9.2448138779982548e+02, 6.9963998317305709e-01,
       6.2745955660221466e+02, 0., 9.2487550891175886e+02,
       4.7239658769461988e+02, 0., 0., 1. ]
Dl: !!opencv-matrix
   rows: 1
   cols: 4
   dt: d
   data: [ -3.7884445518332344e-01, 3.7717393328202092e-02,
       2.7607998541724507e-04, -2.5080745788108241e-04 ]
xil: !!opencv-matrix
   rows: 1
   cols: 1
   dt: d
   data: [ 1.3800563651729525e+00 ]
Rl: !!opencv-matrix
   rows: 3
   cols: 3
   dt: d
   data: [ 9.9998354491506569e-01, 4.0078775242130670e-03,
       -4.1044874039993899e-03, -4.0079112846289379e-03,
       9.9999196829131320e-01, 0., 4.1044544379522522e-03,
       1.6450421384106489e-05, 9.9999157655609805e-01 ]
Kr: !!opencv-matrix
   rows: 3
   cols: 3
   dt: d
   data: [ 1.3033579625354450e+03, 9.6972765768957070e-01,
       6.6564587693658859e+02, 0., 1.3037176161148841e+03,
       4.7600807558376971e+02, 0., 0., 1. ]
Dr: !!opencv-matrix
   rows: 1
   cols: 4
   dt: d
   data: [ -8.0030964256410500e-02, -1.1888951122540058e-01,
       6.1133966182388557e-05, 4.7757932653761069e-03 ]
xir: !!opencv-matrix
   rows: 1
   cols: 1
   dt: d
   data: [ 2.3504583152187233e+00 ]
Rr: !!opencv-matrix
   rows: 3
   cols: 3
   dt: d
   data: [ 9.9986996524876992e-01, 2.3226669571583554e-04,
       1.6124473498549320e-02, -4.0157340867958639e-04,
       9.9994481867015905e-01, 1.0497540354781565e-02,
       -1.6121145499647327e-02, -1.0502650469518990e-02,
       9.9981488436654842e-01 ]
T: !!opencv-matrix
   rows: 3
   cols: 1
   dt: d
   data: [ -1.1962547490182053e-01, -3.2950348819736931e-05,
       -1.9341948912740114e-03 ]
RMSE: 2.4243006365489086e-01
cap_size: [ 2560, 960 ]
